SUB 129750986 1018480194 1
SUB 1 175883541 1
SUB 129750986 88081814 3
SUB 1 16 5
SUB 799838318 1023429314 5
SUB 830240233 1063014869 3
SUB 1 277994372 5
SUB 1 13 2
SUB 129750986 112065367 5
SUB 856324328 650345389 1
SUB 1 16 4
SUB 1 13 1
SUB 830240233 290582420 1
SUB 789950366 9015090 3
SUB 84372343 585983419 5
SUB 789950366 371746502 5
SUB 789950366 454768379 1
SUB 830240233 290582420 3
SUB 866753651 70006910 1
SUB 1 277994372 4
SUB 1 90967680 4
SUB 866753651 862914746 2
SUB 789950366 454768379 2
SUB 856324328 253078230 2
SUB 84372343 8068234 4
SUB 129750986 112065367 3
